time,Concentration Units (Standard) PM 1.0,Concentration Units (Standard) PM 2.5,Concentration Units (Standard) PM 10.0,temperature,gas,pressure,humidity,altitude,
1676677756,0,1,1,22.13546875,15802,1006.4491388068453,17.51863518335492,56.776304864312365,
1676677757,0,1,1,22.1536328125,3506,1006.4470984676436,17.549234943867127,56.79338498093887,
1676677759,0,1,1,22.1919140625,6255,1006.4479920176465,17.551230318791095,56.78590487896009,
1676677760,0,1,1,22.23078125,8867,1006.4481517398375,17.493943231117843,56.78456781022701,
1676677761,0,1,1,22.263984375,11087,1006.4490728012361,17.42650321249835,56.77685741097049,
1676677762,0,1,1,22.295625,12790,1006.4507903506523,17.354076239838374,56.76247945777572,
1676677763,0,1,1,22.3219921875,14390,1006.4488008088139,17.335693837698056,56.77913431631579,
1676677765,0,1,1,22.3462109375,15707,1006.4517552767048,17.3665641506629,56.7544018755429,
1676677766,0,1,1,22.3675,16967,1006.4532202986034,17.412112063955334,56.742137906440135,
1676677767,0,1,1,22.3837109375,18191,1006.4581444255995,17.46730228082962,56.70091723513692,
